"Tanaka 90, Specimen 4"	
20000	
0	0
0.0	3.0987467e-32
0.0	2.2432641e-33
0.0544	2.34509
0.1088	4.68542
0.1632	7.01998
0.2176	9.34844
0.272	11.67048
0.3264	13.98582
0.3808	16.25098
0.4352	16.87044
0.4896	17.0854
0.544	18.17272
0.5984	19.20166
0.6528	20.13967
0.7072	21.37177
0.7616	23.45138
0.816	24.17281
0.8704	23.72478
0.9248	22.58265
0.9792	21.80074
1.0336	22.079
1.088	22.3924
1.1424	22.53441
1.1968	22.7657
1.2512	23.15843
1.3056	23.56944
1.36	23.93628
1.3056	23.34573
1.2512	22.81671
1.1968	22.13085
1.1424	21.43913
1.088	20.75057
1.0336	20.06525
0.9792	19.38324
0.9248	18.70462
0.8704	18.02947
0.816	17.35788
0.7616	16.68993
0.7072	16.02457
0.6528	15.34747
0.5984	14.63937
0.544	13.84943
0.4896	13.00289
0.4352	12.04259
0.3808	10.98321
0.3264	9.75829
0.272	8.39953
0.2176	6.89329
0.1632	5.1291
0.1088	2.96004
0.0544	0.74410276
-2.4158294e-15	-1.44035
-0.0544	-3.5853
-0.1088	-5.7182
-0.1632	-8.0394
-0.2176	-10.36405
-0.272	-12.68194
-0.3264	-14.99301
-0.3808	-15.61036
-0.4352	-15.71487
-0.4896	-17.16288
-0.544	-18.26109
-0.5984	-19.21156
-0.6528	-20.3007
-0.7072	-21.93846
-0.7616	-23.92347
-0.816	-23.80124
-0.8704	-22.7421
-0.9248	-22.37349
-0.9792	-21.70007
-1.0336	-22.07828
-1.088	-22.34464
-1.1424	-22.37409
-1.1968	-22.59755
-1.2512	-22.93753
-1.3056	-23.20319
-1.36	-23.40688
-1.3056	-22.91676
-1.2512	-22.43875
-1.1968	-21.82963
-1.1424	-21.21784
-1.088	-20.60166
-1.0336	-19.98087
-0.9792	-19.34833
-0.9248	-18.70934
-0.8704	-18.06205
-0.816	-17.41103
-0.7616	-16.76326
-0.7072	-16.11231
-0.6528	-15.43482
-0.5984	-14.73212
-0.544	-13.95309
-0.4896	-13.11519
-0.4352	-12.17407
-0.3808	-11.14761
-0.3264	-9.98965
-0.272	-8.70161
-0.2176	-7.29385
-0.1632	-5.74013
-0.1088	-4.00602
-0.0544	-1.82554
7.2474985e-15	0.36199103
0.0544	2.52212
0.1088	4.64847
0.1632	6.53405
0.2176	8.19244
0.272	9.63627
0.3264	10.89102
0.3808	11.97792
0.4352	12.94484
0.4896	13.7944
0.544	14.57871
0.5984	15.28311
0.6528	15.93918
0.7072	16.57506
0.7616	17.20837
0.816	17.83784
0.8704	18.45606
0.9248	19.06417
0.9792	19.66486
1.0336	20.25564
1.088	20.83768
1.1424	21.41461
1.1968	21.9883
1.2512	22.51655
1.3056	22.91304
1.36	23.12769
1.3056	22.69612
1.2512	22.23301
1.1968	21.64569
1.1424	21.05217
1.088	20.4546
1.0336	19.85121
0.9792	19.23714
0.9248	18.61468
0.8704	17.98341
0.816	17.34576
0.7616	16.69905
0.7072	16.04695
0.6528	15.36957
0.5984	14.66315
0.544	13.87818
0.4896	13.03761
0.4352	12.08743
0.3808	11.05477
0.3264	9.91111
0.272	8.59759
0.2176	7.17452
0.1632	5.60362
0.1088	3.82893
0.0544	1.6259
-1.2079273e-14	-0.55968468
-0.0544	-2.71794
-0.1088	-4.8333
-0.1632	-6.68193
-0.2176	-8.33044
-0.272	-9.75396
-0.3264	-10.99576
-0.3808	-12.0695
-0.4352	-13.02694
-0.4896	-13.87033
-0.544	-14.64915
-0.5984	-15.34758
-0.6528	-16.00131
-0.7072	-16.62745
-0.7616	-17.24047
-0.816	-17.84862
-0.8704	-18.44611
-0.9248	-19.03161
-0.9792	-19.60754
-1.0336	-20.17407
-1.088	-20.72841
-1.1424	-21.27943
-1.1968	-21.82442
-1.2512	-22.36131
-1.3056	-22.80961
-1.36	-23.12752
-1.3056	-22.72179
-1.2512	-22.2848
-1.1968	-21.69981
-1.1424	-21.10673
-1.088	-20.50939
-1.0336	-19.90718
-0.9792	-19.2937
-0.9248	-18.67176
-0.8704	-18.04154
-0.816	-17.40487
-0.7616	-16.75812
-0.7072	-16.10748
-0.6528	-15.43057
-0.5984	-14.72827
-0.544	-13.94981
-0.4896	-13.11252
-0.4352	-12.17242
-0.3808	-11.1472
-0.3264	-9.99073
-0.272	-8.70417
-0.2176	-7.29732
-0.1632	-5.7461
-0.1088	-4.016
-0.0544	-1.83601
1.2079262e-14	0.35123628
0.1088	4.63891
0.2176	8.18277
0.3264	10.88521
0.4352	12.95538
0.544	14.58148
0.6528	15.9381
0.7616	17.18121
0.8704	18.38863
0.9792	19.55274
1.088	20.6763
1.1968	21.77417
1.3056	22.77442
1.4144	23.41184
1.5232	24.27965
1.632	25.19465
1.7408	26.09396
1.8496	26.98778
1.9584	27.87003
2.0672	28.74797
2.176	29.62005
2.2848	30.48817
2.3936	31.34948
2.5024	32.20567
2.6112	33.05838
2.72	33.90825
2.6112	32.90738
2.5024	31.89789
2.3936	30.88892
2.2848	29.87527
2.176	28.86274
2.0672	27.85281
1.9584	26.84518
1.8496	25.83724
1.7408	24.81376
1.632	23.7913
1.5232	22.76678
1.4144	21.73383
1.3056	20.68999
1.1968	19.62683
1.088	18.53081
0.9792	17.40696
0.8704	16.24738
0.7616	15.00713
0.6528	13.6812
0.544	12.15117
0.4352	10.42634
0.3264	8.26469
0.2176	5.60122
0.1088	2.36437
2.0776219e-13	-1.65381
-0.1088	-5.28043
-0.2176	-8.46248
-0.3264	-11.03445
-0.4352	-13.06946
-0.544	-14.67357
-0.6528	-16.01986
-0.7616	-17.23801
-0.8704	-18.36796
-0.9792	-19.4449
-1.088	-20.47044
-1.1968	-21.46777
-1.3056	-22.44135
-1.4144	-23.3949
-1.5232	-24.32113
-1.632	-25.23494
-1.7408	-26.13385
-1.8496	-27.02373
-1.9584	-27.90408
-2.0672	-28.78169
-2.176	-29.65354
-2.2848	-30.52127
-2.3936	-31.38226
-2.5024	-32.23822
-2.6112	-33.0907
-2.72	-33.94037
-2.6112	-32.93934
-2.5024	-31.92983
-2.3936	-30.92093
-2.2848	-29.90741
-2.176	-28.89484
-2.0672	-27.8849
-1.9584	-26.87717
-1.8496	-25.86939
-1.7408	-24.84649
-1.632	-23.82424
-1.5232	-22.79969
-1.4144	-21.76719
-1.3056	-20.72414
-1.1968	-19.66163
-1.088	-18.56671
-0.9792	-17.44462
-0.8704	-16.28812
-0.7616	-15.04978
-0.6528	-13.72973
-0.544	-12.21041
-0.4352	-10.42065
-0.3264	-8.32687
-0.2176	-5.83352
-0.1088	-2.94954
-4.3968377e-13	0.53319311
0.1088	4.16363
0.2176	7.37408
0.3264	10.02526
0.4352	12.17112
0.544	13.88809
0.6528	15.31291
0.7616	16.57519
0.8704	17.72786
0.9792	18.82184
1.088	19.87176
1.1968	20.88046
1.3056	21.86228
1.4144	22.82566
1.5232	23.77777
1.632	24.72141
1.7408	25.65583
1.8496	26.57594
1.9584	27.49202
2.0672	28.40531
2.176	29.31722
2.2848	30.22532
2.3936	31.13047
2.5024	32.02982
2.6112	32.92533
2.72	33.81241
2.6112	32.81124
2.5024	31.80804
2.3936	30.79967
2.2848	29.78991
2.176	28.7805
2.0672	27.77409
1.9584	26.77022
1.8496	25.76475
1.7408	24.74382
1.632	23.72498
1.5232	22.70442
1.4144	21.67435
1.3056	20.63347
1.1968	19.57311
1.088	18.48062
0.9792	17.36081
0.8704	16.2047
0.7616	14.96805
0.6528	13.64574
0.544	12.13045
0.4352	10.34501
0.3264	8.21528
0.2176	5.71155
0.1088	2.82705
6.7160534e-13	-0.686356
-0.1088	-4.29297
-0.2176	-7.48336
-0.3264	-10.11254
-0.4352	-12.23796
-0.544	-13.94743
-0.6528	-15.36095
-0.7616	-16.61835
-0.8704	-17.76777
-0.9792	-18.86029
-1.088	-19.90772
-1.1968	-20.91553
-1.3056	-21.89619
-1.4144	-22.8588
-1.5232	-23.8105
-1.632	-24.75388
-1.7408	-25.68755
-1.8496	-26.60726
-1.9584	-27.52309
-2.0672	-28.43621
-2.176	-29.34782
-2.2848	-30.25577
-2.3936	-31.16061
-2.5024	-32.05968
-2.6112	-32.955
-2.72	-33.84184
-2.6112	-32.84091
-2.5024	-31.83721
-2.3936	-30.82903
-2.2848	-29.81913
-2.176	-28.80967
-2.0672	-27.80325
-1.9584	-26.79929
-1.8496	-25.79407
-1.7408	-24.77354
-1.632	-23.75498
-1.5232	-22.73434
-1.4144	-21.70456
-1.3056	-20.66454
-1.1968	-19.60475
-1.088	-18.51327
-0.9792	-17.39502
-0.8704	-16.24151
-0.7616	-15.00629
-0.6528	-13.68994
-0.544	-12.1845
-0.4352	-10.41259
-0.3264	-8.29368
-0.2176	-5.80966
-0.1088	-2.93567
-8.9386254e-13	0.52457577
0.2176	7.35235
0.4352	12.2493
0.6528	15.31012
0.8704	17.71677
1.088	19.86234
1.3056	21.85328
1.5232	23.76928
1.7408	25.64798
1.9584	27.48469
2.176	29.31039
2.3936	31.12415
2.6112	32.91972
2.8288	34.67269
3.0464	36.38248
3.264	38.08777
3.4816	39.77488
3.6992	41.42718
3.9168	43.06972
4.1344	44.70191
4.352	46.32133
4.5696	47.92714
4.7872	49.51391
5.0048	51.07069
5.2224	52.57752
5.44	54.00675
5.2224	52.03498
5.0048	50.06662
4.7872	48.09403
4.5696	46.12997
4.352	44.17703
4.1344	42.23385
3.9168	40.29651
3.6992	38.36466
3.4816	36.42659
3.264	34.48507
3.0464	32.55409
2.8288	30.63006
2.6112	28.71482
2.3936	26.79877
2.176	24.87581
1.9584	22.95244
1.7408	21.02311
1.5232	19.05197
1.3056	17.0362
1.088	14.95411
0.8704	12.68974
0.6528	10.053
0.4352	6.95465
0.2176	3.21607
2.2419022e-12	-1.93663
-0.2176	-7.87724
-0.4352	-12.43004
-0.6528	-15.48802
-0.8704	-17.85946
-1.088	-19.9898
-1.3056	-21.97364
-1.5232	-23.88496
-1.7408	-25.75904
-1.9584	-27.59396
-2.176	-29.41818
-2.3936	-31.23053
-2.6112	-33.02341
-2.8288	-34.77659
-3.0464	-36.4898
-3.264	-38.1949
-3.4816	-39.88547
-3.6992	-41.53788
-3.9168	-43.18046
-4.1344	-44.81063
-4.352	-46.42817
-4.5696	-48.03012
-4.7872	-49.60996
-5.0048	-51.15557
-5.2224	-52.64704
-5.44	-54.05907
-5.2224	-52.08735
-5.0048	-50.11953
-4.7872	-48.15001
-4.5696	-46.1855
-4.352	-44.23217
-4.1344	-42.28981
-3.9168	-40.35311
-3.6992	-38.42207
-3.4816	-36.48855
-3.264	-34.54917
-3.0464	-32.61791
-2.8288	-30.69566
-2.6112	-28.78256
-2.3936	-26.87047
-2.176	-24.94959
-1.9584	-23.03055
-1.7408	-21.10638
-1.5232	-19.145
-1.3056	-17.13868
-1.088	-15.07527
-0.8704	-12.86219
-0.6528	-10.26257
-0.4352	-7.28364
-0.2176	-3.88733
-2.7057434e-12	0.22264465
0.2176	4.90236
0.4352	9.4338
0.6528	13.01163
0.8704	15.64861
1.088	17.87455
1.3056	19.93897
1.5232	21.88366
1.7408	23.76686
1.9584	25.61784
2.176	27.43443
2.3936	29.2319
2.6112	31.02032
2.8288	32.80332
3.0464	34.57531
3.264	36.33119
3.4816	38.08163
3.6992	39.82815
3.9168	41.57031
4.1344	43.31057
4.352	45.04817
4.5696	46.78051
4.7872	48.50193
5.0048	50.19899
5.2224	51.85741
5.44	53.42433
5.2224	51.47452
5.0048	49.50639
4.7872	47.54544
4.5696	45.5956
4.352	43.65689
4.1344	41.72686
3.9168	39.80268
3.6992	37.88533
3.4816	35.96158
3.264	34.03464
3.0464	32.12055
2.8288	30.21308
2.6112	28.31504
2.3936	26.41626
2.176	24.51272
1.9584	22.6107
1.7408	20.70383
1.5232	18.75812
1.3056	16.77163
1.088	14.72768
0.8704	12.52078
0.6528	9.94158
0.4352	6.98164
0.2176	3.62803
3.1695845e-12	-0.47243282
-0.2176	-4.99699
-0.4352	-9.62394
-0.6528	-13.13305
-0.8704	-15.73846
-1.088	-17.94366
-1.3056	-19.99621
-1.5232	-21.93282
-1.7408	-23.81208
-1.9584	-25.66023
-2.176	-27.47377
-2.3936	-29.27024
-2.6112	-31.05763
-2.8288	-32.83985
-3.0464	-34.60983
-3.264	-36.36408
-3.4816	-38.11383
-3.6992	-39.85975
-3.9168	-41.60138
-4.1344	-43.3416
-4.352	-45.07913
-4.5696	-46.81138
-4.7872	-48.53105
-5.0048	-50.2281
-5.2224	-51.88685
-5.44	-53.4529
-5.2224	-51.5032
-5.0048	-49.53655
-4.7872	-47.57664
-4.5696	-45.62615
-4.352	-43.687
-4.1344	-41.7574
-3.9168	-39.83377
-3.6992	-37.9167
-3.4816	-35.9963
-3.264	-34.07094
-3.0464	-32.15652
-2.8288	-30.25034
-2.6112	-28.35374
-2.3936	-26.45858
-2.176	-24.55599
-1.9584	-22.65718
-1.7408	-20.75411
-1.5232	-18.81584
-1.3056	-16.83633
-1.088	-14.80372
-0.8704	-12.60663
-0.6528	-10.08692
-0.4352	-7.19144
-0.2176	-3.84462
-3.6334357e-12	0.21630084
0.36448	8.05995
0.72896	13.93832
1.09344	17.68954
1.45792	21.05595
1.8224	24.20093
2.18688	27.25906
2.55136	30.26051
2.91584	33.2416
3.28032	36.18728
3.6448	39.11498
4.00928	42.03226
4.37376	44.94382
4.73824	47.84046
5.10272	50.68336
5.4672	53.40555
5.83168	55.72733
6.19616	57.67915
6.56064	59.19797
6.92512	60.25159
7.2896	60.96781
7.65408	61.58688
8.01856	62.1284
8.38304	62.62221
8.74752	63.09018
9.112	63.53996
8.74752	60.44282
8.38304	57.45497
8.01856	54.42906
7.65408	51.40952
7.2896	48.40782
6.92512	45.42462
6.56064	42.4523
6.19616	39.48371
5.83168	36.52624
5.4672	33.57263
5.10272	30.61377
4.73824	27.66431
4.37376	24.7297
4.00928	21.81374
3.6448	18.9238
3.28032	16.06846
2.91584	13.25111
2.55136	10.49846
2.18688	7.81886
1.8224	5.21272
1.45792	2.70809
1.09344	0.31045496
0.72896	-2.02925
0.36448	-4.39869
6.8629367e-12	-7.8404
-0.36448	-13.97346
-0.72896	-17.53246
-1.09344	-20.68229
-1.45792	-23.68835
-1.8224	-26.64092
-2.18688	-29.56662
-2.55136	-32.47828
-2.91584	-35.38392
-3.28032	-38.27818
-3.6448	-41.16668
-4.00928	-44.05018
-4.37376	-46.91996
-4.73824	-49.75671
-5.10272	-52.50917
-5.4672	-55.07717
-5.83168	-57.3144
-6.19616	-59.06235
-6.56064	-60.28342
-6.92512	-61.13672
-7.2896	-61.84672
-7.65408	-62.44368
-8.01856	-62.96874
-8.38304	-63.47893
-8.74752	-63.9658
-9.112	-64.43154
-8.74752	-61.35414
-8.38304	-58.39179
-8.01856	-55.38073
-7.65408	-52.38648
-7.2896	-49.41044
-6.92512	-46.45377
-6.56064	-43.51642
-6.19616	-40.58654
-5.83168	-37.6667
-5.4672	-34.75963
-5.10272	-31.85798
-4.73824	-28.96718
-4.37376	-26.0964
-4.00928	-23.24756
-3.6448	-20.43358
-3.28032	-17.65998
-2.91584	-14.94738
-2.55136	-12.30778
-2.18688	-9.75877
-1.8224	-7.31924
-1.45792	-5.01683
-1.09344	-2.86328
-0.72896	-1.08401
-0.36448	0.53709422
-7.6398646e-12	1.73079
0.36448	2.70385
0.72896	4.55795
1.09344	6.74161
1.45792	8.46058
1.8224	11.45685
2.18688	14.16983
2.55136	17.01045
2.91584	19.84389
3.28032	22.66169
3.6448	25.46927
4.00928	28.26191
4.37376	31.04272
4.73824	33.80335
5.10272	36.54766
5.4672	39.27206
5.83168	41.98406
6.19616	44.67369
6.56064	47.34346
6.92512	49.98501
7.2896	52.57335
7.65408	55.06593
8.01856	57.39778
8.38304	59.4801
8.74752	61.2216
9.112	62.58705
8.74752	59.57071
8.38304	56.58188
8.01856	53.60431
7.65408	50.64462
7.2896	47.70395
6.92512	44.78321
6.56064	41.87635
6.19616	38.97602
5.83168	36.09212
5.4672	33.21439
5.10272	30.35114
4.73824	27.49978
4.37376	24.67443
4.00928	21.88141
3.6448	19.13217
3.28032	16.43177
2.91584	13.80224
2.55136	11.26068
2.18688	8.82589
1.8224	6.53393
1.45792	4.51783
1.09344	2.65968
0.72896	1.04465
0.36448	-0.35122759
8.4168025e-12	-1.59384
-0.36448	-2.89842
-0.72896	-4.26457
-1.09344	-6.06426
-1.45792	-8.42353
-1.8224	-11.11192
-2.18688	-13.96834
-2.55136	-16.82369
-2.91584	-19.67606
-3.28032	-22.51478
-3.6448	-25.34043
-4.00928	-28.14924
-4.37376	-30.94227
-4.73824	-33.71306
-5.10272	-36.46462
-5.4672	-39.19326
-5.83168	-41.90926
-6.19616	-44.60119
-6.56064	-47.27027
-6.92512	-49.90828
-7.2896	-52.49135
-7.65408	-54.98184
-8.01856	-57.32619
-8.38304	-59.45743
-8.74752	-61.30282
-9.112	-62.7951
-8.74752	-59.79432
-8.38304	-56.8008
-8.01856	-53.81348
-7.65408	-50.84387
-7.2896	-47.89304
-6.92512	-44.96221
-6.56064	-42.04629
-6.19616	-39.13603
-5.83168	-36.24164
-5.4672	-33.35254
-5.10272	-30.47534
-4.73824	-27.61043
-4.37376	-24.76868
-4.00928	-21.95553
-3.6448	-19.18007
-3.28032	-16.45117
-2.91584	-13.78925
-2.55136	-11.20642
-2.18688	-8.71897
-1.8224	-6.35369
-1.45792	-4.24483
-1.09344	-2.42509
-0.72896	-0.86066449
-0.36448	0.41570315
-9.1937404e-12	1.65465
0.544	3.40517
1.088	5.67803
1.632	9.02618
2.176	12.66486
2.72	16.88859
3.264	21.10787
3.808	25.29954
4.352	29.45636
4.896	33.57217
5.44	37.64843
5.984	41.6874
6.528	45.67862
7.072	49.6118
7.616	53.42145
8.16	56.96822
8.704	60.04193
9.248	62.43276
9.792	64.10963
10.336	65.24707
10.88	66.11658
11.424	66.86404
11.968	67.46431
12.512	67.95992
13.056	68.28722
13.6	68.51406
13.056	63.99694
12.512	59.76603
11.968	55.42852
11.424	51.11497
10.88	46.82081
10.336	42.54206
9.792	38.26383
9.248	33.9864
8.704	29.71391
8.16	25.4604
7.616	21.25723
7.072	17.12218
6.528	13.10546
5.984	9.25732
5.44	5.65349
4.896	2.4244
4.352	-0.11046607
3.808	-2.08395
3.264	-3.72535
2.72	-5.27003
2.176	-6.73358
1.632	-8.10965
1.088	-9.39494
0.544	-10.58937
1.4881604e-11	-11.6958
-0.544	-12.71924
-1.088	-13.66591
-1.632	-14.54271
-2.176	-17.79285
-2.72	-19.57994
-3.264	-22.66415
-3.808	-25.2433
-4.352	-30.63545
-4.896	-34.69578
-5.44	-38.70947
-5.984	-42.67729
-6.528	-46.56932
-7.072	-50.327
-7.616	-53.86453
-8.16	-57.06615
-8.704	-59.80174
-9.248	-61.95427
-9.792	-63.47151
-10.336	-64.51817
-10.88	-65.36562
-11.424	-66.10372
-11.968	-66.70829
-12.512	-67.12043
-13.056	-67.47229
-13.6	-67.76463
-13.056	-63.19486
-12.512	-59.08332
-11.968	-54.77036
-11.424	-50.46854
-10.88	-46.17924
-10.336	-41.91129
-9.792	-37.64369
-9.248	-33.39071
-8.704	-29.15563
-8.16	-24.97317
-7.616	-20.86068
-7.072	-17.02952
-6.528	-13.48906
-5.984	-10.26388
-5.44	-7.23801
-4.896	-4.55805
-4.352	-2.34784
-3.808	-0.52444812
-3.264	1.19761
-2.72	2.86686
-2.176	4.47191
-1.632	6.00253
-1.088	7.44947
-0.544	8.80535
-1.6041216e-11	10.06552
0.544	11.22849
1.088	12.29588
1.632	13.27194
2.176	14.16276
2.72	14.9754
3.264	15.72671
3.808	17.20312
4.352	19.38406
4.896	24.53953
5.44	28.51172
5.984	32.40162
6.528	36.18203
7.072	39.83566
7.616	43.32454
8.16	46.62689
8.704	49.72265
9.248	52.5952
9.792	55.23441
10.336	57.63355
10.88	59.78305
11.424	61.67145
11.968	63.28699
12.512	64.63092
13.056	65.69225
13.6	66.52455
13.056	61.85839
12.512	57.90867
11.968	53.63034
11.424	49.36477
10.88	45.11976
10.336	40.89691
9.792	36.67951
9.248	32.47964
8.704	28.30519
8.16	24.19101
7.616	20.20024
7.072	16.51669
6.528	13.16911
5.984	9.99139
5.44	7.0096
4.896	4.37318
4.352	2.2453
3.808	0.44742182
3.264	-1.28471
2.72	-2.96487
2.176	-4.58256
1.632	-6.12738
1.088	-7.58978
0.544	-8.9619
1.7200819e-11	-10.23849
-0.544	-11.41743
-1.088	-12.49975
-1.632	-13.48923
-2.176	-14.39171
-2.72	-15.21423
-3.264	-15.95412
-3.808	-18.15727
-4.352	-21.3944
-4.896	-25.39175
-5.44	-29.35054
-5.984	-33.2057
-6.528	-36.95319
-7.072	-40.55246
-7.616	-43.98609
-8.16	-47.21446
-8.704	-50.23976
-9.248	-53.04146
-9.792	-55.61337
-10.336	-57.94817
-10.88	-60.03497
-11.424	-61.87231
-11.968	-63.44552
-12.512	-64.76395
-13.056	-65.85739
-13.6	-66.67013
-13.056	-62.20746
-12.512	-58.05294
-11.968	-53.77172
-11.424	-49.50038
-10.88	-45.24621
-10.336	-41.01134
-9.792	-36.77806
-9.248	-32.56085
-8.704	-28.36872
-8.16	-24.23806
-7.616	-20.23445
-7.072	-16.50811
-6.528	-13.1125
-5.984	-9.90227
-5.44	-6.92879
-4.896	-4.322
-4.352	-2.19254
-3.808	-0.39491736
-3.264	1.33381
-2.72	3.01013
-2.176	4.62345
-1.632	6.16348
-1.088	7.62081
-0.544	8.98778
-1.8360422e-11	10.25937
0.816	11.98468
1.632	13.49817
2.448	14.8177
3.264	15.97627
4.08	18.47804
4.896	24.27466
5.712	30.16257
6.528	35.84499
7.344	41.22421
8.16	46.2241
8.976	50.72944
9.792	54.75495
10.608	58.25513
11.424	61.18441
12.24	63.54097
13.056	65.32122
13.872	66.58534
14.688	67.34697
15.504	67.86515
16.32	68.18719
17.136	68.34138
17.952	68.39926
18.768	68.42887
19.584	68.43964
20.4	68.43971
19.584	61.9235
18.768	55.66355
17.952	49.32879
17.136	43.02458
16.32	36.74549
15.504	30.50081
14.688	24.37127
13.872	18.52442
13.056	13.09642
12.24	8.34416
11.424	4.42062
10.608	1.15554
9.792	-1.42099
8.976	-3.53445
8.16	-5.46063
7.344	-7.21885
6.528	-8.8124
5.712	-10.25068
4.896	-11.54696
4.08	-12.71648
3.264	-13.77497
2.448	-14.73778
1.632	-15.61939
0.816	-16.433
2.9280023e-11	-17.19021
-0.816	-17.90142
-1.632	-18.57508
-2.448	-19.21776
-3.264	-19.83468
-4.08	-20.42946
-4.896	-22.60762
-5.712	-27.40932
-6.528	-32.02048
-7.344	-37.07201
-8.16	-41.67194
-8.976	-45.85402
-9.792	-49.57373
-10.608	-52.76291
-11.424	-55.37723
-12.24	-57.42283
-13.056	-59.02703
-13.872	-60.38231
-14.688	-61.62074
-15.504	-62.78337
-16.32	-63.81209
-17.136	-64.79876
-17.952	-65.63036
-18.768	-66.23333
-19.584	-66.70657
-20.4	-67.09842
-19.584	-60.72474
-18.768	-54.31653
-17.952	-47.96337
-17.136	-41.64257
-16.32	-35.35002
-15.504	-29.11713
-14.688	-23.01639
-13.872	-17.21214
-13.056	-12.0021
-12.24	-7.57502
-11.424	-3.65981
-10.608	-0.408116
-9.792	2.04811
-8.976	4.16883
-8.16	6.12593
-7.344	7.91313
-6.528	9.5314
-5.712	10.98821
-4.896	12.29578
-4.08	13.46922
-3.264	14.52474
-2.448	15.47829
-1.632	16.3451
-0.816	17.13864
-3.1019427e-11	17.871
0.816	18.55188
1.632	19.18913
2.448	19.78871
3.264	20.35483
4.08	20.89017
4.896	21.39605
5.712	23.43874
6.528	24.83956
7.344	31.13827
8.16	35.31751
8.976	39.05135
9.792	42.43044
10.608	45.42066
11.424	48.03522
12.24	50.31026
13.056	52.26963
13.872	53.97416
14.688	55.48778
15.504	56.86732
16.32	58.15692
17.136	59.38759
17.952	60.57567
18.768	61.71875
19.584	62.78052
20.4	63.68085
19.584	57.10819
18.768	51.00266
17.952	44.70601
17.136	38.44945
16.32	32.24681
15.504	26.14011
14.688	20.24784
13.872	14.81613
13.056	10.09267
12.24	5.86788
11.424	2.16008
10.608	-0.8489549
9.792	-3.17308
8.976	-5.22467
8.16	-7.10687
7.344	-8.81524
6.528	-10.35462
5.712	-11.73581
4.896	-12.97344
4.08	-14.08392
3.264	-15.08395
2.448	-15.98938
1.632	-16.81447
0.816	-17.57237
3.2758831e-11	-18.27388
-0.816	-18.92782
-1.632	-19.54114
-2.448	-20.11894
-3.264	-20.66463
-4.08	-21.18021
-4.896	-21.66646
-5.712	-23.27364
-6.528	-26.58356
-7.344	-31.27421
-8.16	-35.35012
-8.976	-39.05709
-9.792	-42.38654
-10.608	-45.34223
-11.424	-47.93587
-12.24	-50.19069
-13.056	-52.14125
-13.872	-53.84289
-14.688	-55.35668
-15.504	-56.73884
-16.32	-58.03244
-17.136	-59.26797
-17.952	-60.4616
-18.768	-61.61161
-19.584	-62.67619
-20.4	-63.54204
-19.584	-57.17521
-18.768	-50.87212
-17.952	-44.5675
-17.136	-38.30385
-16.32	-32.08316
-15.504	-25.95298
-14.688	-20.03243
-13.872	-14.59975
-13.056	-9.8873
-12.24	-5.68113
-11.424	-2.01411
-10.608	0.92488591
-9.792	3.20928
-8.976	5.25474
-8.16	7.1301
-7.344	8.83178
-6.528	10.36496
-5.712	11.74066
-4.896	12.97361
-4.08	14.08024
-3.264	15.07709
-2.448	15.98
-1.632	16.80321
-0.816	17.55964
-3.4498235e-11	18.26011
1.088	19.12169
2.176	19.91447
3.264	20.64839
4.352	21.32865
5.44	21.97271
6.528	26.01829
7.616	29.36589
8.704	36.70998
9.792	41.55023
10.88	45.48911
11.968	48.7994
13.056	51.53394
14.144	53.80146
15.232	55.74492
16.32	57.48903
17.408	59.12712
18.496	60.6927
19.584	62.17484
20.672	63.44464
21.76	64.29897
22.848	64.92178
23.936	65.3241
25.024	65.52271
26.112	65.5315
27.2	65.55953
26.112	57.15809
25.024	48.82044
23.936	40.57161
22.848	32.43716
21.76	24.51691
20.672	17.12908
19.584	10.60218
18.496	5.21183
17.408	1.03042
16.32	-2.20529
15.232	-4.60252
14.144	-6.50425
13.056	-8.16361
11.968	-9.62687
10.88	-10.92715
9.792	-12.0945
8.704	-13.15485
7.616	-14.12945
6.528	-15.03491
5.44	-15.88348
4.352	-16.68349
3.264	-17.43982
2.176	-18.15505
1.088	-18.82926
4.8316953e-11	-19.46078
-1.088	-20.04682
-2.176	-20.58384
-3.264	-21.06805
-4.352	-21.49611
-5.44	-21.86558
-6.528	-24.34181
-7.616	-25.55327
-8.704	-32.97661
-9.792	-37.86699
-10.88	-41.59768
-11.968	-44.70345
-13.056	-47.26448
-14.144	-49.41378
-15.232	-51.29162
-16.32	-53.00612
-17.408	-54.61919
-18.496	-56.17702
-19.584	-57.70313
-20.672	-59.20557
-21.76	-60.62604
-22.848	-61.87391
-23.936	-62.92003
-25.024	-63.70834
-26.112	-64.30576
-27.2	-64.69345
-26.112	-56.3001
-25.024	-47.94862
-23.936	-39.65739
-22.848	-31.45857
-21.76	-23.48066
-20.672	-16.02775
-19.584	-9.43951
-18.496	-3.97411
-17.408	0.23178138
-16.32	3.51935
-15.232	5.87917
-14.144	7.73814
-13.056	9.3574
-11.968	10.78064
-10.88	12.04046
-9.792	13.16611
-8.704	14.18223
-7.616	15.10843
-6.528	15.95932
-5.44	16.74525
-4.352	17.47248
-3.264	18.14464
-2.176	18.76275
-1.088	19.32631
-5.0636159e-11	19.83411
1.088	20.28492
2.176	20.67817
3.264	21.01453
4.352	21.29624
5.44	21.52697
6.528	23.18144
7.616	25.50819
8.704	29.81065
9.792	33.48628
10.88	36.56207
11.968	38.97719
13.056	41.14881
14.144	43.17683
15.232	45.01369
16.32	46.72358
17.408	48.34865
18.496	49.91968
19.584	51.45524
20.672	52.96368
21.76	54.44011
22.848	55.88115
23.936	57.24491
25.024	58.44953
26.112	59.40176
27.2	60.12099
26.112	51.78154
25.024	43.50529
23.936	35.31006
22.848	27.23857
21.76	19.51849
20.672	12.49707
19.584	6.49159
18.496	1.67557
17.408	-2.05936
16.32	-4.90951
15.232	-6.95787
14.144	-8.63669
13.056	-10.10182
11.968	-11.3903
10.88	-12.5358
9.792	-13.56673
8.704	-14.50574
7.616	-15.36986
6.528	-16.17111
5.44	-16.91708
4.352	-17.61215
3.264	-18.25807
2.176	-18.85436
1.088	-19.39958
5.2955364e-11	-19.89171
-1.088	-20.32898
-2.176	-20.71048
-3.264	-21.03671
-4.352	-21.30979
-5.44	-21.53328
-6.528	-23.00909
-7.616	-26.11182
-8.704	-29.44087
-9.792	-33.13154
-10.88	-36.27227
-11.968	-38.75956
-13.056	-40.96885
-14.144	-43.07472
-15.232	-44.91133
-16.32	-46.64047
-17.408	-48.27776
-18.496	-49.85682
-19.584	-51.39809
-20.672	-52.90773
-21.76	-54.38609
-22.848	-55.82901
-23.936	-57.19317
-25.024	-58.3861
-26.112	-59.35759
-27.2	-60.06223
-26.112	-51.74787
-25.024	-43.47482
-23.936	-35.2652
-22.848	-27.15702
-21.76	-19.43209
-20.672	-12.39842
-19.584	-6.40386
-18.496	-1.60178
-17.408	2.12119
-16.32	4.95172
-15.232	6.9882
-14.144	8.66197
-13.056	10.12384
-11.968	11.40969
-10.88	12.55307
-9.792	13.58225
-8.704	14.51972
-7.616	15.38235
-6.528	16.18207
-5.44	16.92644
-4.352	17.61974
-3.264	18.26366
-2.176	18.85779
-1.088	19.40062
-5.527457e-11	19.89017
1.632	20.52095
3.264	21.02713
4.896	21.41454
6.528	23.04309
8.16	27.16403
9.792	32.80587
11.424	37.32573
13.056	39.99213
14.688	43.69987
16.32	46.34768
17.952	48.78143
19.584	51.1036
21.216	53.35675
22.848	55.54016
24.48	57.56471
26.112	59.17291
27.744	60.22488
29.376	60.71257
31.008	60.97002
32.64	61.04663
34.272	61.0532
35.904	60.97638
37.536	60.89416
39.168	60.79391
40.8	60.69075
39.168	48.506
37.536	36.57221
35.904	25.3692
34.272	15.66327
32.64	8.15417
31.008	2.66696
29.376	-1.25519
27.744	-4.02469
26.112	-5.89692
24.48	-7.37168
22.848	-8.66538
21.216	-9.83892
19.584	-10.90699
17.952	-11.87435
16.32	-12.74006
14.688	-13.50094
13.056	-14.15441
11.424	-14.70065
9.792	-15.14361
8.16	-15.49104
6.528	-15.75341
4.896	-15.94261
3.264	-16.07063
1.632	-16.14858
8.6390614e-11	-16.18621
-1.632	-16.19174
-3.264	-16.17198
-4.896	-15.04559
-6.528	-19.52352
-8.16	-26.32352
-9.792	-32.13946
-11.424	-37.12484
-13.056	-41.01014
-14.688	-43.90682
-16.32	-46.386
-17.952	-48.70571
-19.584	-50.93702
-21.216	-53.07136
-22.848	-55.0539
-24.48	-56.783
-26.112	-58.09831
-27.744	-58.96584
-29.376	-59.52424
-31.008	-59.87575
-32.64	-60.05927
-34.272	-60.07527
-35.904	-60.03501
-37.536	-59.98205
-39.168	-59.90091
-40.8	-59.80762
-39.168	-47.63878
-37.536	-35.6505
-35.904	-24.39075
-34.272	-14.59739
-32.64	-6.99553
-31.008	-1.37992
-29.376	2.74092
-27.744	5.7927
-26.112	8.03794
-24.48	9.57885
-22.848	10.76648
-21.216	11.79922
-19.584	12.69591
-17.952	13.46147
-16.32	14.09933
-14.688	14.61454
-13.056	15.01507
-11.424	15.31187
-9.792	15.51838
-8.16	15.64937
-6.528	15.71969
-4.896	15.74301
-3.264	15.73098
-1.632	15.69285
-8.9869422e-11	15.63563
1.632	15.56448
3.264	15.48312
4.896	15.4794
6.528	17.54164
8.16	22.25639
9.792	26.28155
11.424	29.5778
13.056	31.7851
14.688	33.44126
16.32	34.78546
17.952	35.99385
19.584	37.16376
21.216	39.07422
22.848	41.06383
24.48	42.95487
26.112	44.70788
27.744	46.30698
29.376	47.7168
31.008	48.89793
32.64	49.80464
34.272	50.40195
35.904	50.74256
37.536	50.9324
39.168	51.0249
40.8	51.03567
39.168	38.9312
37.536	27.19499
35.904	16.58057
34.272	8.34013
32.64	2.44273
31.008	-1.73383
29.376	-4.77026
27.744	-7.04129
26.112	-8.72226
24.48	-9.96751
22.848	-11.01138
21.216	-11.94525
19.584	-12.76851
17.952	-13.47848
16.32	-14.07382
14.688	-14.5564
13.056	-14.93207
11.424	-15.21024
9.792	-15.40303
8.16	-15.52397
6.528	-15.58678
4.896	-15.60426
3.264	-15.58746
1.632	-15.5453
9.3348231e-11	-15.48464
-1.632	-15.41053
-3.264	-15.32662
-4.896	-12.98026
-6.528	-16.87545
-8.16	-19.71503
-9.792	-24.28016
-11.424	-28.08097
-13.056	-30.65113
-14.688	-32.46857
-16.32	-33.94312
-17.952	-35.2019
-19.584	-36.37619
-21.216	-38.27288
-22.848	-40.31066
-24.48	-42.25459
-26.112	-44.07563
-27.744	-45.75096
-29.376	-47.26293
-31.008	-48.58312
-32.64	-49.40472
-34.272	-50.27901
-35.904	-50.67074
-37.536	-50.88722
-39.168	-51.01834
-40.8	-51.0933
-39.168	-39.16525
-37.536	-27.3579
-35.904	-16.75022
-34.272	-8.46582
-32.64	-2.49921
-31.008	1.74249
-29.376	4.83188
-27.744	7.13186
-26.112	8.85049
-24.48	10.11557
-22.848	11.16387
-21.216	12.09704
-19.584	12.91701
-17.952	13.62141
-16.32	14.20916
-14.688	14.68249
-13.056	15.04766
-11.424	15.31463
-9.792	15.49626
-8.16	15.60691
-6.528	15.66098
-4.896	15.67157
-3.264	15.6497
-1.632	15.60399
-9.7116941e-11	15.54092
2.176	15.43778
4.352	15.34037
6.528	16.66122
8.704	21.77403
10.88	27.87912
13.056	31.18067
15.232	33.29803
17.408	34.99237
19.584	36.52235
21.76	39.04435
23.936	41.69876
26.112	44.14912
28.288	46.32909
30.464	48.17859
32.64	49.43421
34.816	50.33067
36.992	50.70285
39.168	50.84181
41.344	50.83879
43.52	50.89349
45.696	50.85616
47.872	50.80921
50.048	50.75019
52.224	50.58693
54.4	50.49358
52.224	34.86896
50.048	21.31465
47.872	12.14733
45.696	6.44474
43.52	2.5057
41.344	-0.50300069
39.168	-2.87615
36.992	-4.6945
34.816	-6.00106
32.64	-6.8515
30.464	-7.40483
28.288	-7.78937
26.112	-8.03705
23.936	-8.17685
21.76	-8.23574
19.584	-8.23594
17.408	-8.19441
15.232	-8.12349
13.056	-8.0319
10.88	-7.9257
8.704	-7.80907
6.528	-7.68493
4.352	-7.55531
2.176	-7.42164
9.5860771e-11	-7.32621
-2.176	-9.1472
-4.352	-14.40139
-6.528	-21.41077
-8.704	-27.28955
-10.88	-32.02118
-13.056	-35.84479
-15.232	-39.0133
-17.408	-41.83354
-19.584	-44.1612
-21.76	-46.06519
-23.936	-47.43463
-26.112	-48.41792
-28.288	-49.10416
-30.464	-49.57618
-32.64	-49.88968
-34.816	-50.09151
-36.992	-50.20852
-39.168	-50.20838
-41.344	-50.28124
-43.52	-50.2552
-45.696	-50.2153
-47.872	-50.1485
-50.048	-50.02609
-52.224	-49.87276
-54.4	-49.70976
-52.224	-34.13247
-50.048	-20.43921
-47.872	-11.14104
-45.696	-5.33459
-43.52	-1.34546
-41.344	1.66851
-39.168	4.00482
-36.992	5.75752
-34.816	6.99553
-32.64	7.81273
-30.464	8.31147
-28.288	8.58134
-26.112	8.70999
-23.936	8.74826
-21.76	8.72846
-19.584	8.66723
-17.408	8.57203
-15.232	8.46582
-13.056	8.34898
-10.88	8.22545
-8.704	8.0964
-6.528	7.96429
-4.352	7.83412
-2.176	7.70332
-6.184562e-11	7.42764
2.176	11.17237
4.352	17.34027
6.528	21.87492
8.704	24.92144
10.88	27.53641
13.056	29.98339
15.232	32.32908
17.408	34.42946
19.584	36.26664
21.76	37.66535
23.936	38.65203
26.112	39.39334
28.288	39.87362
30.464	40.22834
32.64	40.4672
34.816	40.62429
36.992	40.74278
39.168	40.83028
41.344	40.91244
43.52	40.99447
45.696	41.00789
47.872	41.03656
50.048	41.04831
52.224	41.0277
54.4	40.95094
52.224	25.55483
50.048	13.94792
47.872	7.48458
45.696	3.35823
43.52	0.23911628
41.344	-2.29635
39.168	-4.32293
36.992	-5.85196
34.816	-6.92695
32.64	-7.63281
30.464	-8.06102
28.288	-8.29138
26.112	-8.39679
23.936	-8.42114
21.76	-8.39071
19.584	-8.32339
17.408	-8.22078
15.232	-8.1086
13.056	-7.98705
10.88	-7.85887
8.704	-7.72615
6.528	-7.59124
4.352	-7.44134
2.176	-7.32161
2.7830569e-11	-7.07561
-2.176	-13.07732
-4.352	-16.82639
-6.528	-21.35039
-8.704	-24.51694
-10.88	-27.1048
-13.056	-29.53225
-15.232	-31.80983
-17.408	-34.01721
-19.584	-35.8618
-21.76	-37.38018
-23.936	-38.4692
-26.112	-39.235
-28.288	-39.78617
-30.464	-40.16668
-32.64	-40.44452
-34.816	-40.63363
-36.992	-40.7575
-39.168	-40.85305
-41.344	-40.93156
-43.52	-40.99539
-45.696	-41.04813
-47.872	-41.09237
-50.048	-41.12527
-52.224	-41.14945
-54.4	-41.13865
-52.224	-25.89095
-50.048	-14.06971
-47.872	-7.37862
-45.696	-3.17105
-43.52	-0.01529093
-41.344	2.54518
-39.168	4.60025
-36.992	6.15845
-34.816	7.25828
-32.64	7.98028
-30.464	8.41815
-28.288	8.65374
-26.112	8.75854
-23.936	8.78017
-21.76	8.74465
-19.584	8.67078
-17.408	8.56822
-15.232	8.45599
-13.056	8.3275
-10.88	8.2075
-8.704	8.07578
-6.528	7.94171
-4.352	7.81132
-2.176	7.71358
6.184562e-12	7.41611